<?xml version="1.0" encoding="UTF-8"?>
<map version="1.10" tiledversion="1.11.2" orientation="orthogonal" renderorder="right-down" width="32" height="32" tilewidth="16" tileheight="16" infinite="0" nextlayerid="6" nextobjectid="1">
 <tileset firstgid="1" source="tiles_many.tsx"/>
 <layer id="1" name="Ground" width="32" height="32">
  <data encoding="csv">
139,171,157,169,170,157,157,157,157,169,170,157,157,157,157,169,170,157,157,157,157,169,170,157,189,171,189,171,157,157,157,158,
174,54,55,55,55,55,55,55,55,55,55,55,55,55,55,55,55,55,55,55,55,55,55,55,141,54,143,75,59,59,59,172,
174,54,55,87,89,7,7,91,54,87,89,89,7,91,54,87,89,86,7,137,89,7,7,7,158,54,143,75,72,57,83,172,
174,54,57,103,20,9,5,107,57,103,20,9,21,107,57,103,20,4,21,107,23,24,24,21,143,54,143,75,59,59,59,172,
174,54,55,103,9,4,4,107,88,103,9,4,4,107,88,103,105,4,4,107,23,36,36,36,143,54,156,73,169,170,157,158,
174,54,55,90,89,3,7,123,25,120,7,3,7,123,25,120,7,3,7,121,23,23,23,23,143,54,143,75,59,59,59,172,
174,54,55,103,23,24,24,52,36,68,24,24,24,52,36,68,24,24,24,94,24,24,24,24,143,54,172,75,56,57,99,172,
174,54,55,103,23,24,24,24,24,24,24,24,24,24,24,24,24,24,24,139,157,157,189,157,158,54,141,75,59,59,59,172,
174,54,55,103,23,24,24,52,36,68,24,24,24,52,36,68,24,24,24,94,6,42,95,191,174,54,143,75,56,57,99,172,
174,54,55,90,89,3,7,91,25,87,89,3,7,91,25,87,89,7,7,122,6,6,156,157,158,54,143,75,59,59,59,172,
174,54,55,103,9,4,21,107,88,103,105,4,21,107,88,103,55,55,55,94,6,42,94,129,173,54,143,75,56,57,99,172,
174,54,57,103,20,9,4,107,57,103,11,4,4,107,54,103,55,55,55,172,6,42,156,157,158,54,143,75,59,59,59,172,
174,54,55,120,7,7,7,123,54,120,7,7,7,123,54,157,157,157,157,158,6,42,95,191,173,54,143,75,56,57,99,172,
174,54,55,55,55,55,55,55,55,55,55,55,55,55,55,55,55,55,55,143,6,42,156,157,158,54,143,75,59,59,59,172,
186,187,189,155,187,176,187,176,176,187,176,176,187,176,187,176,176,187,176,158,6,42,95,191,173,54,143,75,56,57,99,172,
33,65,45,49,105,49,18,33,18,33,49,18,18,18,33,18,18,33,33,174,6,42,156,157,158,54,143,75,59,59,59,172,
33,33,45,49,29,49,65,18,49,33,18,33,18,71,38,38,38,71,175,174,6,42,94,129,173,54,156,171,169,170,102,158,
65,33,45,49,49,49,33,18,33,49,18,18,18,38,38,38,38,38,18,156,101,171,157,15,158,54,143,37,37,37,42,172,
33,33,47,33,65,49,33,33,18,18,18,18,18,71,38,38,38,71,175,172,54,55,55,55,143,54,141,22,84,22,42,172,
33,33,47,65,33,18,49,33,18,18,113,81,81,81,81,18,18,18,18,174,54,55,55,55,143,54,143,6,157,102,157,158,
33,139,171,157,157,189,157,157,189,171,157,73,14,158,113,18,65,175,18,188,187,187,101,15,158,54,143,6,20,6,37,172,
33,174,72,72,72,172,72,72,172,54,29,55,55,172,113,81,81,81,81,81,81,81,81,81,172,54,143,6,42,42,84,172,
33,174,54,55,55,172,54,55,143,54,55,55,55,172,18,18,18,18,18,18,18,33,33,18,172,54,156,169,170,189,157,158,
65,139,73,171,157,157,73,171,189,171,169,170,73,158,175,139,171,157,92,157,15,158,175,18,174,54,141,22,42,94,191,172,
33,174,75,59,59,59,59,59,172,6,42,42,22,173,175,174,6,42,42,42,42,172,65,159,174,54,143,6,42,156,171,158,
33,174,75,72,82,82,59,59,172,6,42,42,42,173,159,174,6,31,74,115,6,173,159,33,174,54,143,22,42,94,145,172,
33,174,75,59,59,59,59,59,172,6,42,138,171,158,159,174,6,31,74,115,6,173,159,65,174,54,156,73,14,157,171,158,
66,174,75,106,28,59,59,59,172,6,42,94,191,172,175,174,6,31,74,31,6,156,155,176,190,54,172,55,55,55,55,143,
33,174,75,72,82,82,59,59,141,22,42,138,171,189,155,158,6,42,42,42,42,173,159,33,174,54,143,54,55,55,55,172,
33,174,75,59,59,59,59,59,172,6,42,94,191,172,159,186,187,176,176,187,176,190,159,18,174,54,143,54,29,55,55,172,
33,186,176,187,176,187,187,176,176,176,187,176,176,190,159,33,65,159,18,33,33,33,65,159,186,176,187,176,14,73,176,190,
33,33,18,33,66,33,33,18,33,18,65,18,33,33,18,33,33,18,33,65,159,18,33,33,33,18,33,18,81,81,81,81
</data>
 </layer>
 <layer id="4" name="Items" width="32" height="32">
  <data encoding="csv">
0,0,0,0,0,0,0,0,0,0,0,0,0,0,0,0,0,0,0,0,0,0,0,0,0,0,0,0,0,0,0,0,
0,0,0,0,0,0,0,0,0,0,0,0,0,0,0,0,0,0,0,0,0,0,0,0,0,0,0,0,0,0,0,0,
0,0,0,0,0,0,0,0,0,0,0,0,0,0,0,0,0,0,0,0,0,0,0,0,0,0,0,0,0,0,0,0,
0,0,0,0,0,0,0,0,0,0,0,0,0,0,0,0,0,0,0,0,0,0,68,0,0,0,0,0,0,0,0,0,
0,0,0,0,0,0,68,0,0,0,0,0,68,0,0,0,0,0,68,0,0,0,0,0,0,0,0,0,0,0,0,0,
0,0,0,0,0,0,0,0,0,0,0,0,0,0,0,0,0,0,0,0,0,52,68,68,0,0,0,0,0,0,0,0,
0,0,0,0,0,0,0,52,0,68,0,0,0,52,0,68,0,0,0,0,0,0,0,0,0,0,0,0,0,0,0,0,
0,0,0,0,0,0,0,0,0,0,0,0,0,0,0,0,0,0,0,0,0,0,0,0,0,0,0,0,0,0,0,0,
0,0,0,0,0,0,0,52,0,68,0,0,0,52,0,68,0,0,0,0,0,0,0,0,0,0,0,0,0,0,0,0,
0,0,0,0,0,0,0,0,0,0,0,0,0,0,0,0,0,0,0,0,0,0,0,0,0,0,0,0,0,0,0,0,
0,0,0,0,0,0,0,0,0,0,0,0,0,0,0,0,8,114,0,0,0,0,0,0,0,0,0,0,0,0,0,0,
0,0,0,0,0,0,68,0,0,0,0,0,68,0,0,0,30,62,0,0,0,0,0,0,0,0,0,0,0,0,0,0,
0,0,0,0,0,0,0,0,0,0,0,0,0,0,0,0,0,0,0,0,0,0,0,0,0,0,0,0,0,0,0,0,
0,0,0,0,0,0,0,0,0,0,0,0,0,0,0,0,0,0,0,0,0,0,0,0,0,0,0,0,0,0,0,0,
0,0,0,0,0,0,0,0,0,0,0,0,0,0,0,0,0,0,0,0,0,0,0,0,0,0,0,0,0,0,0,0,
0,0,0,0,0,0,0,0,0,0,0,0,0,0,0,0,0,0,0,0,0,0,0,0,0,0,0,0,0,0,0,0,
0,0,0,0,0,0,0,0,0,0,0,0,0,0,0,0,0,0,0,0,0,0,0,0,0,0,0,0,0,0,0,0,
0,0,0,0,0,0,0,0,0,0,61,0,0,0,0,0,0,0,0,0,0,0,0,0,0,0,0,0,0,0,0,0,
0,0,0,0,0,0,0,0,0,30,0,0,0,0,0,0,0,0,0,0,0,0,0,0,0,0,0,0,84,0,0,0,
0,0,0,0,0,0,0,0,0,0,0,0,0,0,0,0,0,0,0,0,0,0,0,0,0,0,0,0,0,0,0,0,
0,0,0,0,0,0,0,0,0,0,0,0,0,0,0,0,0,0,0,0,0,0,0,0,0,0,0,0,0,0,0,0,
0,0,0,0,0,0,0,0,0,0,0,0,0,0,0,0,0,0,0,0,0,0,0,0,0,0,0,0,0,0,84,0,
0,0,0,0,0,0,0,0,0,0,0,0,0,0,0,0,0,0,0,0,0,0,0,0,0,0,0,0,0,0,0,0,
0,0,0,0,0,0,0,0,0,0,0,0,0,0,0,0,0,0,0,0,0,0,0,0,0,0,0,0,0,0,0,0,
0,0,0,0,0,0,0,0,0,0,0,0,0,0,0,0,0,0,0,0,0,0,0,0,0,0,0,0,0,0,0,0,
0,0,0,0,0,0,30,0,0,0,0,0,0,0,0,0,0,30,0,0,0,0,0,0,0,0,0,0,0,0,0,0,
0,0,0,0,0,0,0,0,0,0,0,0,0,0,0,0,0,30,0,0,0,0,0,0,0,0,0,0,0,0,0,0,
0,0,0,0,0,0,0,0,0,0,0,0,0,0,0,0,0,30,0,0,0,0,0,0,0,0,0,0,0,0,0,0,
0,0,0,0,0,0,30,0,0,0,0,0,0,0,0,0,0,0,0,0,0,0,0,0,0,0,0,0,0,0,0,0,
0,0,0,0,0,0,0,0,0,0,0,0,0,0,0,0,0,0,0,0,0,0,0,0,0,0,0,0,0,0,0,0,
0,0,0,0,0,0,0,0,0,0,0,0,0,0,0,0,0,0,0,0,0,0,0,0,0,0,0,0,0,0,0,0,
0,0,0,0,0,0,0,0,0,0,0,0,0,0,0,0,0,0,0,0,0,0,0,0,0,0,0,0,0,0,0,0
</data>
 </layer>
</map>
